episode_id,organizer,source,evidence,organizer_key
2383011942,MTÜ Teadveloleku kompetentsikeskus Toko,https://arvamusfestival.ee/kava2026/,"[{""id"": 13129, ""title"": ""Kuidas hoida tervet mõistust kriiside ajastul: teadveloleku ja kaastunde praktiline jõud"", ""organizer"": ""MTÜ Teadveloleku kompetentsikeskus Toko"", ""date"": ""2026-08-07T12:00:00"", ""source"": ""https://arvamusfestival.ee/kava2026/""}]",mtü teadveloleku kompetentsikeskus toko
2383011945,"Eesti Õigusteaduse Üliõpilaste Liit, Rahvusvaheliste Suhete Ring, Feministeerium",https://arvamusfestival.ee/kava2026/,"[{""id"": 13130, ""title"": ""Koduseinte vahelt rahvusvahelise poliitikani: naistevastane vägivald on meie kõigi lahendada"", ""organizer"": ""Eesti Õigusteaduse Üliõpilaste Liit, Rahvusvaheliste Suhete Ring, Feministeerium"", ""date"": ""2026-08-07T14:00:00"", ""source"": ""https://arvamusfestival.ee/kava2026/""}]","eesti õigusteaduse üliõpilaste liit, rahvusvaheliste suhete ring, feministeerium"
2383011948,Eesti Seksuaaltervise Liit,https://arvamusfestival.ee/kava2026/,"[{""id"": 13131, ""title"": ""Nõusolek – seksikuse summutaja või hoopis võimendaja?"", ""organizer"": ""Eesti Seksuaaltervise Liit"", ""date"": ""2026-08-07T16:00:00"", ""source"": ""https://arvamusfestival.ee/kava2026/""}]",eesti seksuaaltervise liit
2383055898,Elisabeth Luisk,https://arvamusfestival.ee/kava2026/,"[{""id"": 13132, ""title"": ""Kes õpetab tervena elama enne, kui tuleb õppida haigusega elama?"", ""organizer"": ""Elisabeth Luisk"", ""date"": ""2026-08-07T18:00:00"", ""source"": ""https://arvamusfestival.ee/kava2026/""}]",elisabeth luisk
2387966361,MTÜ Eesti Taastuvenergia Koda,https://arvamusfestival.ee/kava2026/,"[{""id"": 13195, ""title"": ""Euroopa Liidu heitekaubandus: rohepöörasus või nutikas poliitika?"", ""organizer"": ""MTÜ Eesti Taastuvenergia Koda"", ""date"": ""2026-08-07T16:30:00"", ""source"": ""https://arvamusfestival.ee/kava2026/""}]",mtü eesti taastuvenergia koda
2387966364,MTÜ Eesti jõujaamade ja kaugkütte ühing,https://arvamusfestival.ee/kava2026/,"[{""id"": 13199, ""title"": ""Millised on kohaliku kaugkütte tulevikustsenaariumid?"", ""organizer"": ""MTÜ Eesti jõujaamade ja kaugkütte ühing"", ""date"": ""2026-08-07T14:30:00"", ""source"": ""https://arvamusfestival.ee/kava2026/""}]",mtü eesti jõujaamade ja kaugkütte ühing
2387966370,Eesti Tuuleenergia Assotsiatsioon,https://arvamusfestival.ee/kava2026/,"[{""id"": 13193, ""title"": ""Kuidas edasi? Eesti energeetika järgmise kümne aasta vaade"", ""organizer"": ""Eesti Tuuleenergia Assotsiatsioon"", ""date"": ""2026-08-07T12:30:00"", ""source"": ""https://arvamusfestival.ee/kava2026/""}]",eesti tuuleenergia assotsiatsioon
2387966373,MTÜ Eesti Taastuvenergia Koda,https://arvamusfestival.ee/kava2026/,"[{""id"": 13196, ""title"": ""Miks peab elektriga kauplema börsil?"", ""organizer"": ""MTÜ Eesti Taastuvenergia Koda"", ""date"": ""2026-08-08T10:00:00"", ""source"": ""https://arvamusfestival.ee/kava2026/""}]",mtü eesti taastuvenergia koda
2387966376,Tallinna Vesi,https://arvamusfestival.ee/kava2026/,"[{""id"": 13194, ""title"": ""Milliseid riske toob kliima ettevõtete tegevusse ja kuidas neid maandada? Ettevalmistused ja õppetunnid"", ""organizer"": ""Tallinna Vesi"", ""date"": ""2026-08-08T14:00:00"", ""source"": ""https://arvamusfestival.ee/kava2026/""}]",tallinna vesi
2387966379,MTÜ Eesti Taastuvenergia Koda,https://arvamusfestival.ee/kava2026/,"[{""id"": 13197, ""title"": ""Elektridefitsiit Eestis: kui suur on tegelik majandus- ja julgeolekurisk?"", ""organizer"": ""MTÜ Eesti Taastuvenergia Koda"", ""date"": ""2026-08-08T12:00:00"", ""source"": ""https://arvamusfestival.ee/kava2026/""}]",mtü eesti taastuvenergia koda
2387966382,MTÜ Eesti Taastuvenergia Koda,https://arvamusfestival.ee/kava2026/,"[{""id"": 13198, ""title"": ""Miks me pelgame energiat kui majandusarengu mootorit?"", ""organizer"": ""MTÜ Eesti Taastuvenergia Koda"", ""date"": ""2026-08-08T16:00:00"", ""source"": ""https://arvamusfestival.ee/kava2026/""}]",mtü eesti taastuvenergia koda
2393585466,Eesti Matemaatika Selts,https://arvamusfestival.ee/kava2026/,"[{""id"": 13243, ""title"": ""Matemaatikatund ja -ring kui mõtlemise laborid"", ""organizer"": ""Eesti Matemaatika Selts"", ""date"": ""2026-08-07T12:00:00"", ""source"": ""https://arvamusfestival.ee/kava2026/""}]",eesti matemaatika selts
2393585469,Eesti Üliõpilaskondade Liit,https://arvamusfestival.ee/kava2026/,"[{""id"": 13245, ""title"": ""Mida Eesti tegelikult kõrghariduselt ootab?"", ""organizer"": ""Eesti Üliõpilaskondade Liit"", ""date"": ""2026-08-08T10:30:00"", ""source"": ""https://arvamusfestival.ee/kava2026/""}]",eesti üliõpilaskondade liit
2393585472,Tallinna Lastekodu,https://arvamusfestival.ee/kava2026/,"[{""id"": 13250, ""title"": ""Kas lapsel on päriselt koht Eestis? Elu asendushooldusel täna ja homme"", ""organizer"": ""Tallinna Lastekodu"", ""date"": ""2026-08-08T18:30:00"", ""source"": ""https://arvamusfestival.ee/kava2026/""}]",tallinna lastekodu
2393585475,Eesti Õigusteaduse Üliõpilaste Liit,https://arvamusfestival.ee/kava2026/,"[{""id"": 13248, ""title"": ""Kas internet vajab korrakaitsjat?"", ""organizer"": ""Eesti Õigusteaduse Üliõpilaste Liit"", ""date"": ""2026-08-08T14:30:00"", ""source"": ""https://arvamusfestival.ee/kava2026/""}]",eesti õigusteaduse üliõpilaste liit
2393585478,Eesti Üliõpilaskondade Liit,https://arvamusfestival.ee/kava2026/,"[{""id"": 13246, ""title"": ""Tehisintellekt kõrghariduses: reeglid alles kujunemas"", ""organizer"": ""Eesti Üliõpilaskondade Liit"", ""date"": ""2026-08-07T16:00:00"", ""source"": ""https://arvamusfestival.ee/kava2026/""}]",eesti üliõpilaskondade liit
2393585481,"Tallinna Ülikool, Tartu Ülikool, Eesti Maaülikool",https://arvamusfestival.ee/kava2026/,"[{""id"": 13247, ""title"": ""Ekspert ekraanil, märklaud seljal: mis on ekspertarvamuse hind?"", ""organizer"": ""Tallinna Ülikool, Tartu Ülikool, Eesti Maaülikool"", ""date"": ""2026-08-08T12:30:00"", ""source"": ""https://arvamusfestival.ee/kava2026/""}]","tallinna ülikool, tartu ülikool, eesti maaülikool"
2393585484,Eesti Õpilasesinduste Liit,https://arvamusfestival.ee/kava2026/,"[{""id"": 13244, ""title"": ""Hinded ja heaolu – kas kool hindab õigesti?"", ""organizer"": ""Eesti Õpilasesinduste Liit"", ""date"": ""2026-08-07T14:00:00"", ""source"": ""https://arvamusfestival.ee/kava2026/""}]",eesti õpilasesinduste liit
2394248493,Eesti vähitõrje võrgustik (ESTCAN),https://arvamusfestival.ee/kava2026/,"[{""id"": 13137, ""title"": ""Kuidas rääkida vähist ja tervisest nii, et kasvaks teadlikkus, mitte ärevus?"", ""organizer"": ""Eesti vähitõrje võrgustik (ESTCAN)"", ""date"": ""2026-08-08T18:00:00"", ""source"": ""https://arvamusfestival.ee/kava2026/""}]",eesti vähitõrje võrgustik (estcan)
2394248496,Eesti vähitõrje võrgustik (ESTCAN),https://arvamusfestival.ee/kava2026/,"[{""id"": 13135, ""title"": ""Surm ei küsi diagnoosi – kas sina oled valmis?"", ""organizer"": ""Eesti vähitõrje võrgustik (ESTCAN)"", ""date"": ""2026-08-08T14:00:00"", ""source"": ""https://arvamusfestival.ee/kava2026/""}]",eesti vähitõrje võrgustik (estcan)
2394248499,Eesti vähitõrje võrgustik (ESTCAN),https://arvamusfestival.ee/kava2026/,"[{""id"": 13133, ""title"": ""Vähipatsiendi infoauk: kelle vastutus on seda täita?"", ""organizer"": ""Eesti vähitõrje võrgustik (ESTCAN)"", ""date"": ""2026-08-08T10:00:00"", ""source"": ""https://arvamusfestival.ee/kava2026/""}]",eesti vähitõrje võrgustik (estcan)
2394248502,Eesti vähitõrje võrgustik (ESTCAN),https://arvamusfestival.ee/kava2026/,"[{""id"": 13134, ""title"": ""Vähitõrje järgmised viis aastat – mida peab Eesti teisiti tegema?"", ""organizer"": ""Eesti vähitõrje võrgustik (ESTCAN)"", ""date"": ""2026-08-08T12:00:00"", ""source"": ""https://arvamusfestival.ee/kava2026/""}]",eesti vähitõrje võrgustik (estcan)
2394248505,Eesti vähitõrje võrgustik (ESTCAN),https://arvamusfestival.ee/kava2026/,"[{""id"": 13136, ""title"": ""Tehisintellekti tulevik vähiravis"", ""organizer"": ""Eesti vähitõrje võrgustik (ESTCAN)"", ""date"": ""2026-08-08T16:00:00"", ""source"": ""https://arvamusfestival.ee/kava2026/""}]",eesti vähitõrje võrgustik (estcan)
2395857120,EMN Eesti,https://arvamusfestival.ee/kava2026/,"[{""id"": 13097, ""title"": ""Muutuv rändemaastik: milleks peab Eesti Euroopa piiririigina valmis olema?"", ""organizer"": ""EMN Eesti"", ""date"": ""2026-08-07T14:30:00"", ""source"": ""https://arvamusfestival.ee/kava2026/""}]",emn eesti
2395857123,ÜRO Pagulasamet,https://arvamusfestival.ee/kava2026/,"[{""id"": 13096, ""title"": ""Uus elu, uued rollid: pagulaste identiteet ja kuuluvus Eestis"", ""organizer"": ""ÜRO Pagulasamet"", ""date"": ""2026-08-07T12:30:00"", ""source"": ""https://arvamusfestival.ee/kava2026/""}]",üro pagulasamet
2395857126,Integratsiooni Sihtasutus,https://arvamusfestival.ee/kava2026/,"[{""id"": 13098, ""title"": ""Kuuluvustunne või äärmuslus? Kuidas ennetada radikaliseerumist"", ""organizer"": ""Integratsiooni Sihtasutus"", ""date"": ""2026-08-07T18:30:00"", ""source"": ""https://arvamusfestival.ee/kava2026/""}]",integratsiooni sihtasutus
2395857129,Fenno-Ugria Asutus,https://arvamusfestival.ee/kava2026/,"[{""id"": 13099, ""title"": ""Pagulus ja rahvus"", ""organizer"": ""Fenno-Ugria Asutus"", ""date"": ""2026-08-08T10:00:00"", ""source"": ""https://arvamusfestival.ee/kava2026/""}]",fenno-ugria asutus
2395857132,Justiits- ja Digiministeerium,https://arvamusfestival.ee/kava2026/,"[{""id"": 13095, ""title"": ""Kes vastutab, kui välistöötajad elavad kümnekesi kitsas köögis ega saa palka?"", ""organizer"": ""Justiits- ja Digiministeerium"", ""date"": ""2026-08-07T16:30:00"", ""source"": ""https://arvamusfestival.ee/kava2026/""}]",justiits- ja digiministeerium
2395857135,Kultuuriministeerium,https://arvamusfestival.ee/kava2026/,"[{""id"": 13101, ""title"": ""Kellel lubame otsustada, kes Eestisse elama tuleb?"", ""organizer"": ""Kultuuriministeerium"", ""date"": ""2026-08-08T14:00:00"", ""source"": ""https://arvamusfestival.ee/kava2026/""}]",kultuuriministeerium
2395857138,Pullivara Group,https://arvamusfestival.ee/kava2026/,"[{""id"": 13100, ""title"": ""Do They Belong Here, Or Do They Just Live Here?"", ""organizer"": ""Pullivara Group"", ""date"": ""2026-08-08T12:00:00"", ""source"": ""https://arvamusfestival.ee/kava2026/""}]",pullivara group
2395857141,Tartu Kristjan Jaak Petersoni Gümnaasium / Kultuuriministeerium,https://arvamusfestival.ee/kava2026/,"[{""id"": 13102, ""title"": ""Kes ütleb meile, et nemad pole meie?"", ""organizer"": ""Tartu Kristjan Jaak Petersoni Gümnaasium / Kultuuriministeerium"", ""date"": ""2026-08-08T16:00:00"", ""source"": ""https://arvamusfestival.ee/kava2026/""}]",tartu kristjan jaak petersoni gümnaasium / kultuuriministeerium
2395857144,Siseministeerium,https://arvamusfestival.ee/kava2026/,"[{""id"": 13103, ""title"": ""Vabatahtlikkus: lõimumise mootor või lõhede peegel?"", ""organizer"": ""Siseministeerium"", ""date"": ""2026-08-08T18:00:00"", ""source"": ""https://arvamusfestival.ee/kava2026/""}]",siseministeerium
2395991448,Eesti Personalijuhtimise Ühing PARE ja Tööinspektsioon,https://arvamusfestival.ee/kava2026/,"[{""id"": 13223, ""title"": ""Töö ei küsi vanust?"", ""organizer"": ""Eesti Personalijuhtimise Ühing PARE ja Tööinspektsioon"", ""date"": ""2026-08-08T14:30:00"", ""source"": ""https://arvamusfestival.ee/kava2026/""}]",eesti personalijuhtimise ühing pare ja tööinspektsioon
2395991451,Eesti Personalijuhtimise Ühing PARE ja Tööinspektsioon,https://arvamusfestival.ee/kava2026/,"[{""id"": 13224, ""title"": ""Kas lapsed maksavad karjääris kätte?"", ""organizer"": ""Eesti Personalijuhtimise Ühing PARE ja Tööinspektsioon"", ""date"": ""2026-08-08T16:30:00"", ""source"": ""https://arvamusfestival.ee/kava2026/""}]",eesti personalijuhtimise ühing pare ja tööinspektsioon
2395991454,Eesti Personalijuhtimise Ühing PARE ja Tööinspektsioon,https://arvamusfestival.ee/kava2026/,"[{""id"": 13219, ""title"": ""Kas süsteem hoiab naisi tagasi?"", ""organizer"": ""Eesti Personalijuhtimise Ühing PARE ja Tööinspektsioon"", ""date"": ""2026-08-07T16:00:00"", ""source"": ""https://arvamusfestival.ee/kava2026/""}]",eesti personalijuhtimise ühing pare ja tööinspektsioon
2395991457,Eesti Personalijuhtimise Ühing PARE ja Tööinspektsioon,https://arvamusfestival.ee/kava2026/,"[{""id"": 13222, ""title"": ""Paindlikkus või kontroll?"", ""organizer"": ""Eesti Personalijuhtimise Ühing PARE ja Tööinspektsioon"", ""date"": ""2026-08-08T12:30:00"", ""source"": ""https://arvamusfestival.ee/kava2026/""}]",eesti personalijuhtimise ühing pare ja tööinspektsioon
2395991460,Eesti Personalijuhtimise Ühing PARE ja Tööinspektsioon,https://arvamusfestival.ee/kava2026/,"[{""id"": 13221, ""title"": ""Kriis ei vabasta juhtimisest"", ""organizer"": ""Eesti Personalijuhtimise Ühing PARE ja Tööinspektsioon"", ""date"": ""2026-08-08T10:30:00"", ""source"": ""https://arvamusfestival.ee/kava2026/""}]",eesti personalijuhtimise ühing pare ja tööinspektsioon
2395991463,Eesti Personalijuhtimise Ühing PARE ja Tööinspektsioon,https://arvamusfestival.ee/kava2026/,"[{""id"": 13225, ""title"": ""Mees, kus su lapsed on?"", ""organizer"": ""Eesti Personalijuhtimise Ühing PARE ja Tööinspektsioon"", ""date"": ""2026-08-08T18:30:00"", ""source"": ""https://arvamusfestival.ee/kava2026/""}]",eesti personalijuhtimise ühing pare ja tööinspektsioon
2395991466,Eesti Personalijuhtimise Ühing PARE ja Tööinspektsioon,https://arvamusfestival.ee/kava2026/,"[{""id"": 13217, ""title"": ""Miks noored mehed surevad?"", ""organizer"": ""Eesti Personalijuhtimise Ühing PARE ja Tööinspektsioon"", ""date"": ""2026-08-07T12:00:00"", ""source"": ""https://arvamusfestival.ee/kava2026/""}]",eesti personalijuhtimise ühing pare ja tööinspektsioon
2395991469,Eesti Personalijuhtimise Ühing PARE ja Tööinspektsioon,https://arvamusfestival.ee/kava2026/,"[{""id"": 13220, ""title"": ""Kes võidab AI-ajastul?"", ""organizer"": ""Eesti Personalijuhtimise Ühing PARE ja Tööinspektsioon"", ""date"": ""2026-08-07T18:00:00"", ""source"": ""https://arvamusfestival.ee/kava2026/""}]",eesti personalijuhtimise ühing pare ja tööinspektsioon
2395991472,Eesti Personalijuhtimise Ühing PARE ja Tööinspektsioon,https://arvamusfestival.ee/kava2026/,"[{""id"": 13218, ""title"": ""Kas iga ebamugavus on kiusamine?"", ""organizer"": ""Eesti Personalijuhtimise Ühing PARE ja Tööinspektsioon"", ""date"": ""2026-08-07T14:00:00"", ""source"": ""https://arvamusfestival.ee/kava2026/""}]",eesti personalijuhtimise ühing pare ja tööinspektsioon
2396670915,Eesti Seksuaaltervise Liit,https://arvamusfestival.ee/kava2026/,"[{""id"": 13259, ""title"": ""Pedofiilia uus nägu: kuidas avatus loob uusi riske"", ""organizer"": ""Eesti Seksuaaltervise Liit"", ""date"": ""2026-08-08T18:00:00"", ""source"": ""https://arvamusfestival.ee/kava2026/""}]",eesti seksuaaltervise liit
2396670918,Eesti Ametiühingute Keskliit,https://arvamusfestival.ee/kava2026/,"[{""id"": 13257, ""title"": ""Kas töötamine päästab Eestis vaesusest? Räägime miinimumpalgast"", ""organizer"": ""Eesti Ametiühingute Keskliit"", ""date"": ""2026-08-08T14:00:00"", ""source"": ""https://arvamusfestival.ee/kava2026/""}]",eesti ametiühingute keskliit
2396670921,Kaja Pae,https://arvamusfestival.ee/kava2026/,"[{""id"": 13251, ""title"": ""Kas Eesti tulevik on parkla või meeldiv elukeskkond?"", ""organizer"": ""Kaja Pae"", ""date"": ""2026-08-07T12:30:00"", ""source"": ""https://arvamusfestival.ee/kava2026/""}]",kaja pae
2396670924,Eestimaa Looduse Fond,https://arvamusfestival.ee/kava2026/,"[{""id"": 13252, ""title"": ""Loodusrahvas või ressursirahvas: miks keskkond valimiskasti juures kaotab?"", ""organizer"": ""Eestimaa Looduse Fond"", ""date"": ""2026-08-07T14:30:00"", ""source"": ""https://arvamusfestival.ee/kava2026/""}]",eestimaa looduse fond
2396670927,Eesti Arhitektide Liit MTÜ,https://arvamusfestival.ee/kava2026/,"[{""id"": 13253, ""title"": ""Kodude kättesaadavus: kas Eestil on plaan?"", ""organizer"": ""Eesti Arhitektide Liit MTÜ"", ""date"": ""2026-08-07T16:30:00"", ""source"": ""https://arvamusfestival.ee/kava2026/""}]",eesti arhitektide liit mtü
2396670930,Eesti ÜRO Ühing,https://arvamusfestival.ee/kava2026/,"[{""id"": 13255, ""title"": ""ÜRO kõnnib Rahvasteliidu teed"", ""organizer"": ""Eesti ÜRO Ühing"", ""date"": ""2026-08-08T10:00:00"", ""source"": ""https://arvamusfestival.ee/kava2026/""}]",eesti üro ühing
2396670933,Korruptsioonivaba Eesti MTÜ,https://arvamusfestival.ee/kava2026/,"[{""id"": 13258, ""title"": ""Kui pole mugav, siis ei kaasa?!"", ""organizer"": ""Korruptsioonivaba Eesti MTÜ"", ""date"": ""2026-08-08T16:00:00"", ""source"": ""https://arvamusfestival.ee/kava2026/""}]",korruptsioonivaba eesti mtü
2396670936,"Eesti Maaülikool, veterinaarmeditsiini ja loomakasvatuse instituut",https://arvamusfestival.ee/kava2026/,"[{""id"": 13254, ""title"": ""Kas Eesti on valmis järgmiseks kriisiks, mis ei tule tankiga? Keemilised, bioloogilised, radioloogilised ja tuumariskid"", ""organizer"": ""Eesti Maaülikool, veterinaarmeditsiini ja loomakasvatuse instituut"", ""date"": ""2026-08-07T18:30:00"", ""source"": ""https://arvamusfestival.ee/kava2026/""}]","eesti maaülikool, veterinaarmeditsiini ja loomakasvatuse instituut"
2396692734,Taastuvenergia Koda,https://arvamusfestival.ee/kava2026/,"[{""id"": 13110, ""title"": ""Kas rohereform vajab ebapopulaarseid otsuseid?"", ""organizer"": ""Taastuvenergia Koda"", ""date"": ""2026-08-08T14:00:00"", ""source"": ""https://arvamusfestival.ee/kava2026/""}]",taastuvenergia koda
2396692737,Keskkonnainvesteeringute Keskus,https://arvamusfestival.ee/kava2026/,"[{""id"": 13106, ""title"": ""Keskkonnahoid vastutuules: kas keskkonnaprojektid on vaid kulu või ka väärtus inimestele ja ettevõtetele?"", ""organizer"": ""Keskkonnainvesteeringute Keskus"", ""date"": ""2026-08-07T16:00:00"", ""source"": ""https://arvamusfestival.ee/kava2026/""}]",keskkonnainvesteeringute keskus
2396692740,Adven Eesti AS,https://arvamusfestival.ee/kava2026/,"[{""id"": 13112, ""title"": ""Kas tööstus julgeb investeerida? Energiamajanduslikud otsused ebakindla poliitika ja turu tingimustes"", ""organizer"": ""Adven Eesti AS"", ""date"": ""2026-08-08T18:00:00"", ""source"": ""https://arvamusfestival.ee/kava2026/""}]",adven eesti as
2396692743,SA Õpilasmalev,https://arvamusfestival.ee/kava2026/,"[{""id"": 13104, ""title"": ""Järgmise põlvkonna õpilasmalev"", ""organizer"": ""SA Õpilasmalev"", ""date"": ""2026-08-07T12:00:00"", ""source"": ""https://arvamusfestival.ee/kava2026/""}]",sa õpilasmalev
2396692746,Eesti Arhitektide Liit / Maa- ja Ruumiamet,https://arvamusfestival.ee/kava2026/,"[{""id"": 13109, ""title"": ""Kuidas hoida kokkuleppeid ruumis?"", ""organizer"": ""Eesti Arhitektide Liit / Maa- ja Ruumiamet"", ""date"": ""2026-08-08T12:00:00"", ""source"": ""https://arvamusfestival.ee/kava2026/""}]",eesti arhitektide liit / maa- ja ruumiamet
2396692749,Vindr Baltic OÜ ja VKG,https://arvamusfestival.ee/kava2026/,"[{""id"": 13111, ""title"": ""Kas elekter saab olla korraga odav, roheline ja kindel ning hoida Eesti majanduse konkurentsivõimelisena?"", ""organizer"": ""Vindr Baltic OÜ ja VKG"", ""date"": ""2026-08-08T16:00:00"", ""source"": ""https://arvamusfestival.ee/kava2026/""}]",vindr baltic oü ja vkg
2396692752,"Tallinna Tehnikaülikool, Vastutustundliku Majanduse ja ESG Fookustippkeskus",https://arvamusfestival.ee/kava2026/,"[{""id"": 13107, ""title"": ""Tuleviku Eesti edulugu: majanduskasv või tasaareng?"", ""organizer"": ""Tallinna Tehnikaülikool, Vastutustundliku Majanduse ja ESG Fookustippkeskus"", ""date"": ""2026-08-07T18:00:00"", ""source"": ""https://arvamusfestival.ee/kava2026/""}]","tallinna tehnikaülikool, vastutustundliku majanduse ja esg fookustippkeskus"
2396692755,Geoteaduste Üliõpilaste Selts,https://arvamusfestival.ee/kava2026/,"[{""id"": 13105, ""title"": ""Tehisintellekti nähtamatu jalajälg: kas digiareng tuleb keskkonna arvelt?"", ""organizer"": ""Geoteaduste Üliõpilaste Selts"", ""date"": ""2026-08-07T14:00:00"", ""source"": ""https://arvamusfestival.ee/kava2026/""}]",geoteaduste üliõpilaste selts
2397177237,Eesti Väitlusselts,https://arvamusfestival.ee/kava2026/,"[{""id"": 13127, ""title"": ""Kas sotsiaalmeediasse mahub sisukas poliitiline diskussioon?"", ""organizer"": ""Eesti Väitlusselts"", ""date"": ""2026-08-08T16:00:00"", ""source"": ""https://arvamusfestival.ee/kava2026/""}]",eesti väitlusselts
2397177240,Ühendus KULTUURITAHE,https://arvamusfestival.ee/kava2026/,"[{""id"": 13123, ""title"": ""Kultuur on majandusharu"", ""organizer"": ""Ühendus KULTUURITAHE"", ""date"": ""2026-08-07T16:30:00"", ""source"": ""https://arvamusfestival.ee/kava2026/""}]",ühendus kultuuritahe
2397177243,Eesti Vaimse Tervise ja Heaolu Koalitsioon VATEK,https://arvamusfestival.ee/kava2026/,"[{""id"": 13128, ""title"": ""Kultuuriretsept – ravi positiivsete kõrvaltoimetega"", ""organizer"": ""Eesti Vaimse Tervise ja Heaolu Koalitsioon VATEK"", ""date"": ""2026-08-08T18:00:00"", ""source"": ""https://arvamusfestival.ee/kava2026/""}]",eesti vaimse tervise ja heaolu koalitsioon vatek
2397177246,Loomus MTÜ,https://arvamusfestival.ee/kava2026/,"[{""id"": 13122, ""title"": ""Reklaamide vastutamatusest ja vastutusest"", ""organizer"": ""Loomus MTÜ"", ""date"": ""2026-08-07T14:30:00"", ""source"": ""https://arvamusfestival.ee/kava2026/""}]",loomus mtü
2397177249,Tallinna Ettevõtlusinkubaator,https://arvamusfestival.ee/kava2026/,"[{""id"": 13126, ""title"": ""AI ajastu ettevõtlus – kas miljon mikroettevõtjat või paar suurt võitjat?"", ""organizer"": ""Tallinna Ettevõtlusinkubaator"", ""date"": ""2026-08-08T14:00:00"", ""source"": ""https://arvamusfestival.ee/kava2026/""}]",tallinna ettevõtlusinkubaator
2397177252,Ühendus KULTUURITAHE,https://arvamusfestival.ee/kava2026/,"[{""id"": 13125, ""title"": ""Tehisintellekt kultuuris – kas loovisik on järgmine väljasureja?"", ""organizer"": ""Ühendus KULTUURITAHE"", ""date"": ""2026-08-08T12:00:00"", ""source"": ""https://arvamusfestival.ee/kava2026/""}]",ühendus kultuuritahe
2397177255,Ühendus KULTUURITAHE,https://arvamusfestival.ee/kava2026/,"[{""id"": 13124, ""title"": ""Vabakutseliste loovisikute toimetulek"", ""organizer"": ""Ühendus KULTUURITAHE"", ""date"": ""2026-08-07T18:30:00"", ""source"": ""https://arvamusfestival.ee/kava2026/""}]",ühendus kultuuritahe
2397177258,Eesti Kunstikoolide Liit (Noored),https://arvamusfestival.ee/kava2026/,"[{""id"": 13121, ""title"": ""Kas tänavakunst peaks olema legaalne?"", ""organizer"": ""Eesti Kunstikoolide Liit (Noored)"", ""date"": ""2026-08-07T12:30:00"", ""source"": ""https://arvamusfestival.ee/kava2026/""}]",eesti kunstikoolide liit (noored)
2397264564,Eesti Interneti SA,https://arvamusfestival.ee/kava2026/,"[{""id"": 13141, ""title"": ""Küberturvalisus vs ettevõtlusvõime: kus on tasakaal?"", ""organizer"": ""Eesti Interneti SA"", ""date"": ""2026-08-07T18:00:00"", ""source"": ""https://arvamusfestival.ee/kava2026/""}]",eesti interneti sa
2397264567,Sihtasutus Eesti Teadusagentuur (ETAG),https://arvamusfestival.ee/kava2026/,"[{""id"": 13145, ""title"": ""Teadmussiirdedoktorantuur – Eesti majanduse kasutamata potentsiaal?"", ""organizer"": ""Sihtasutus Eesti Teadusagentuur (ETAG)"", ""date"": ""2026-08-08T16:30:00"", ""source"": ""https://arvamusfestival.ee/kava2026/""}]",sihtasutus eesti teadusagentuur (etag)
2397264570,Sihtasutus Eesti Teadusagentuur (ETAG),https://arvamusfestival.ee/kava2026/,"[{""id"": 13138, ""title"": ""Miljon sensorit, üks planeet: kuidas tehisintellekt asjades (AIoT) muudab teadust?"", ""organizer"": ""Sihtasutus Eesti Teadusagentuur (ETAG)"", ""date"": ""2026-08-07T12:00:00"", ""source"": ""https://arvamusfestival.ee/kava2026/""}]",sihtasutus eesti teadusagentuur (etag)
2397264573,Eesti Interneti SA,https://arvamusfestival.ee/kava2026/,"[{""id"": 13140, ""title"": ""Kas oleme tehisaru nimel valmis ohverdama oma inimõigused?"", ""organizer"": ""Eesti Interneti SA"", ""date"": ""2026-08-07T16:00:00"", ""source"": ""https://arvamusfestival.ee/kava2026/""}]",eesti interneti sa
2397264576,Eesti Loomaarstide Koda (ELK),https://arvamusfestival.ee/kava2026/,"[{""id"": 13139, ""title"": ""Kas linnud ja loomad keedavad meile uut superhaigust?"", ""organizer"": ""Eesti Loomaarstide Koda (ELK)"", ""date"": ""2026-08-07T14:00:00"", ""source"": ""https://arvamusfestival.ee/kava2026/""}]",eesti loomaarstide koda (elk)
2397264579,Rail Baltic Estonia,https://arvamusfestival.ee/kava2026/,"[{""id"": 13144, ""title"": ""Elu võimalikkusest pealinnast eemal"", ""organizer"": ""Rail Baltic Estonia"", ""date"": ""2026-08-08T14:30:00"", ""source"": ""https://arvamusfestival.ee/kava2026/""}]",rail baltic estonia
2397264582,Regionaal- ja Põllumajandusministeerium,https://arvamusfestival.ee/kava2026/,"[{""id"": 13142, ""title"": ""Kes vastutab Eesti toidujulgeoleku eest?"", ""organizer"": ""Regionaal- ja Põllumajandusministeerium"", ""date"": ""2026-08-08T10:30:00"", ""source"": ""https://arvamusfestival.ee/kava2026/""}]",regionaal- ja põllumajandusministeerium
2397264585,Põllumajandus- ja Toiduamet,https://arvamusfestival.ee/kava2026/,"[{""id"": 13143, ""title"": ""Toiduraiskamine või toiduohutus – kas peame valima?"", ""organizer"": ""Põllumajandus- ja Toiduamet"", ""date"": ""2026-08-08T12:30:00"", ""source"": ""https://arvamusfestival.ee/kava2026/""}]",põllumajandus- ja toiduamet
2397264588,Rail Baltic Estonia,https://arvamusfestival.ee/kava2026/,"[{""id"": 13146, ""title"": ""Mille taha jääb majanduskasv?"", ""organizer"": ""Rail Baltic Estonia"", ""date"": ""2026-08-08T18:30:00"", ""source"": ""https://arvamusfestival.ee/kava2026/""}]",rail baltic estonia
2397829623,Justiits- ja digiministeerium,https://arvamusfestival.ee/kava2026/,"[{""id"": 13227, ""title"": ""Noorte julm vägivald – kas sinu kodukant on järgmine?"", ""organizer"": ""Justiits- ja digiministeerium"", ""date"": ""2026-08-07T14:30:00"", ""source"": ""https://arvamusfestival.ee/kava2026/""}]",justiits- ja digiministeerium
2397829626,Tartu Ülikool,https://arvamusfestival.ee/kava2026/,"[{""id"": 13231, ""title"": ""Kui sensoreid saab rohkem kui inimesi, siis kes hoiab piirialade Eestit?"", ""organizer"": ""Tartu Ülikool"", ""date"": ""2026-08-08T12:00:00"", ""source"": ""https://arvamusfestival.ee/kava2026/""}]",tartu ülikool
2397829629,Eesti Urantia Assotsiatsioon MTÜ,https://arvamusfestival.ee/kava2026/,"[{""id"": 13230, ""title"": ""Religioossete ühenduste roll ühiskonna toetaja ja tasakaalustajana"", ""organizer"": ""Eesti Urantia Assotsiatsioon MTÜ"", ""date"": ""2026-08-08T10:00:00"", ""source"": ""https://arvamusfestival.ee/kava2026/""}]",eesti urantia assotsiatsioon mtü
2397829632,Eesti Muuseumiühing koostöös Eesti Muuseumide Liiduga,https://arvamusfestival.ee/kava2026/,"[{""id"": 13229, ""title"": ""Appi! Mind ei lasta muuseumisse! Kultuuriharidus kui regionaalpoliitika"", ""organizer"": ""Eesti Muuseumiühing koostöös Eesti Muuseumide Liiduga"", ""date"": ""2026-08-07T18:30:00"", ""source"": ""https://arvamusfestival.ee/kava2026/""}]",eesti muuseumiühing koostöös eesti muuseumide liiduga
2397829635,Eesti Kaubandus-Tööstuskoda,https://arvamusfestival.ee/kava2026/,"[{""id"": 13228, ""title"": ""„Veibi-Vellod“ ja veipivad noored – miks salaturg võidab ja mida teha teisiti?"", ""organizer"": ""Eesti Kaubandus-Tööstuskoda"", ""date"": ""2026-08-07T16:30:00"", ""source"": ""https://arvamusfestival.ee/kava2026/""}]",eesti kaubandus-tööstuskoda
2397829638,Bonava Eesti,https://arvamusfestival.ee/kava2026/,"[{""id"": 13233, ""title"": ""Kus on noore kodu? Kuidas elatakse tulevikus ja kas kodu peab tingimata omama?"", ""organizer"": ""Bonava Eesti"", ""date"": ""2026-08-08T16:00:00"", ""source"": ""https://arvamusfestival.ee/kava2026/""}]",bonava eesti
2397829641,Tartumaa Omavalitsuste Liit,https://arvamusfestival.ee/kava2026/,"[{""id"": 13226, ""title"": ""Kelle vastutus on NEET-olukorras noor – tema enda, spetsialistide või kogu ühiskonna?"", ""organizer"": ""Tartumaa Omavalitsuste Liit"", ""date"": ""2026-08-07T12:30:00"", ""source"": ""https://arvamusfestival.ee/kava2026/""}]",tartumaa omavalitsuste liit
2400164898,Eesti Montessori Ühing,https://arvamusfestival.ee/kava2026/,"[{""id"": 13115, ""title"": ""Kas lapsevanem on partner või lihtsalt teenusetarbija?"", ""organizer"": ""Eesti Montessori Ühing"", ""date"": ""2026-08-07T16:00:00"", ""source"": ""https://arvamusfestival.ee/kava2026/""}]",eesti montessori ühing
2400164901,Lasteklubi Väike Päike,https://arvamusfestival.ee/kava2026/,"[{""id"": 13119, ""title"": ""Ühiskondlik ebavõrdsus algab enne kooli – kas me tunnistame seda?"", ""organizer"": ""Lasteklubi Väike Päike"", ""date"": ""2026-08-08T14:30:00"", ""source"": ""https://arvamusfestival.ee/kava2026/""}]",lasteklubi väike päike
2400164904,Maililii OÜ,https://arvamusfestival.ee/kava2026/,"[{""id"": 13113, ""title"": ""Kuidas toetada lapse keele ja kõne arengut liikumismängude kaudu?"", ""organizer"": ""Maililii OÜ"", ""date"": ""2026-08-07T12:00:00"", ""source"": ""https://arvamusfestival.ee/kava2026/""}]",maililii oü
2400164907,Eesti Lastehoidude Liit,https://arvamusfestival.ee/kava2026/,"[{""id"": 13117, ""title"": ""Iga lapse tulevik on Eesti arenguküsimus"", ""organizer"": ""Eesti Lastehoidude Liit"", ""date"": ""2026-08-08T10:30:00"", ""source"": ""https://arvamusfestival.ee/kava2026/""}]",eesti lastehoidude liit
2400164910,Eesti Lastehoidude Liit,https://arvamusfestival.ee/kava2026/,"[{""id"": 13114, ""title"": ""Mida laps tegelikult tahab, et me märkaks?"", ""organizer"": ""Eesti Lastehoidude Liit"", ""date"": ""2026-08-07T14:00:00"", ""source"": ""https://arvamusfestival.ee/kava2026/""}]",eesti lastehoidude liit
2400164913,Lasteklubi Väike Päike,https://arvamusfestival.ee/kava2026/,"[{""id"": 13120, ""title"": ""Alushariduse agenda 2027–2031: mida Eesti peab nüüd otsustama?"", ""organizer"": ""Lasteklubi Väike Päike"", ""date"": ""2026-08-08T16:30:00"", ""source"": ""https://arvamusfestival.ee/kava2026/""}]",lasteklubi väike päike
2400164916,Lasteklubi Väike Päike,https://arvamusfestival.ee/kava2026/,"[{""id"": 13116, ""title"": ""Aga kes hoiab õpetajat?"", ""organizer"": ""Lasteklubi Väike Päike"", ""date"": ""2026-08-07T18:00:00"", ""source"": ""https://arvamusfestival.ee/kava2026/""}]",lasteklubi väike päike
2400184974,Eesti e-residentsuse programm,https://arvamusfestival.ee/kava2026/,"[{""id"": 13425, ""title"": ""Väike rahvas, suur mudel: kas tehisaru on Eesti jaoks loodud?"", ""organizer"": ""Eesti e-residentsuse programm"", ""date"": ""2026-08-07T16:00:00"", ""source"": ""https://arvamusfestival.ee/kava2026/""}]",eesti e-residentsuse programm
2400184977,Eesti e-residentsuse programm,https://arvamusfestival.ee/kava2026/,"[{""id"": 13424, ""title"": ""Post-it, pastakas ja AI-agent - Eesti.ai praktiline töötuba nutikama tööpäeva disainimiseks"", ""organizer"": ""Eesti e-residentsuse programm"", ""date"": ""2026-08-07T14:00:00"", ""source"": ""https://arvamusfestival.ee/kava2026/""}, {""id"": 13430, ""title"": ""Post-it, pastakas ja AI-agent - Eesti.ai praktiline töötuba nutikama tööpäeva disainimiseks"", ""organizer"": ""Eesti e-residentsuse programm"", ""date"": ""2026-08-08T16:30:00"", ""source"": ""https://arvamusfestival.ee/kava2026/""}]",eesti e-residentsuse programm
2400184980,Eesti e-residentsuse programm,https://arvamusfestival.ee/kava2026/,"[{""id"": 13426, ""title"": ""Eesti, Singapur, Dubai, Delaware. Kui konkurentsivõimelised me globaalselt oleme?"", ""organizer"": ""Eesti e-residentsuse programm"", ""date"": ""2026-08-07T18:00:00"", ""source"": ""https://arvamusfestival.ee/kava2026/""}]",eesti e-residentsuse programm
2400184983,Eesti e-residentsuse programm,https://arvamusfestival.ee/kava2026/,"[{""id"": 13424, ""title"": ""Post-it, pastakas ja AI-agent - Eesti.ai praktiline töötuba nutikama tööpäeva disainimiseks"", ""organizer"": ""Eesti e-residentsuse programm"", ""date"": ""2026-08-07T14:00:00"", ""source"": ""https://arvamusfestival.ee/kava2026/""}, {""id"": 13430, ""title"": ""Post-it, pastakas ja AI-agent - Eesti.ai praktiline töötuba nutikama tööpäeva disainimiseks"", ""organizer"": ""Eesti e-residentsuse programm"", ""date"": ""2026-08-08T16:30:00"", ""source"": ""https://arvamusfestival.ee/kava2026/""}]",eesti e-residentsuse programm
2400184986,Eesti e-residentsuse programm,https://arvamusfestival.ee/kava2026/,"[{""id"": 13423, ""title"": ""Eesti loob maailma esimese agentide riigi"", ""organizer"": ""Eesti e-residentsuse programm"", ""date"": ""2026-08-07T12:00:00"", ""source"": ""https://arvamusfestival.ee/kava2026/""}]",eesti e-residentsuse programm
2400184989,Eesti e-residentsuse programm,https://arvamusfestival.ee/kava2026/,"[{""id"": 13429, ""title"": ""Tiigri üleandmine. Kes kannab Eesti digilugu edasi?"", ""organizer"": ""Eesti e-residentsuse programm"", ""date"": ""2026-08-08T14:30:00"", ""source"": ""https://arvamusfestival.ee/kava2026/""}]",eesti e-residentsuse programm
2400184992,Eesti e-residentsuse programm,https://arvamusfestival.ee/kava2026/,"[{""id"": 13427, ""title"": ""Usalda, aga kontrolli – mis saab valesti minna, kui AI-agent saab isikukoodi?"", ""organizer"": ""Eesti e-residentsuse programm"", ""date"": ""2026-08-08T10:00:00"", ""source"": ""https://arvamusfestival.ee/kava2026/""}]",eesti e-residentsuse programm
2400184995,Eesti e-residentsuse programm,https://arvamusfestival.ee/kava2026/,"[{""id"": 13428, ""title"": ""Kas annaksid AI-le õiguse enda nimel tegutseda?"", ""organizer"": ""Eesti e-residentsuse programm"", ""date"": ""2026-08-08T12:00:00"", ""source"": ""https://arvamusfestival.ee/kava2026/""}]",eesti e-residentsuse programm
2400207741,Eesti Tervisemajanduse Koda (Health Founders Estonia),https://arvamusfestival.ee/kava2026/,"[{""id"": 13215, ""title"": ""Kuidas rahastada terviseidusid nii, et uued lahendused jõuaksid ka Eestis kasutusele?"", ""organizer"": ""Eesti Tervisemajanduse Koda (Health Founders Estonia)"", ""date"": ""2026-08-08T16:00:00"", ""source"": ""https://arvamusfestival.ee/kava2026/""}]",eesti tervisemajanduse koda (health founders estonia)
2400207744,Magnum AS,https://arvamusfestival.ee/kava2026/,"[{""id"": 13213, ""title"": ""Konkurents tervishoius – kas oht või lahendus?"", ""organizer"": ""Magnum AS"", ""date"": ""2026-08-08T12:00:00"", ""source"": ""https://arvamusfestival.ee/kava2026/""}]",magnum as
2400207747,Confido,https://arvamusfestival.ee/kava2026/,"[{""id"": 13209, ""title"": ""Kuidas tehnoloogia areng meie aju mõjutab?"", ""organizer"": ""Confido"", ""date"": ""2026-08-07T14:30:00"", ""source"": ""https://arvamusfestival.ee/kava2026/""}]",confido
2400207750,Novartis,https://arvamusfestival.ee/kava2026/,"[{""id"": 13211, ""title"": ""Eesti terviseandmed: kristallkuul või kompass?"", ""organizer"": ""Novartis"", ""date"": ""2026-08-07T18:30:00"", ""source"": ""https://arvamusfestival.ee/kava2026/""}]",novartis
2400207753,Eesti Hambaarstide Liit,https://arvamusfestival.ee/kava2026/,"[{""id"": 13210, ""title"": ""Uued hambad Türgist – kes parandab, kui midagi läheb valesti?"", ""organizer"": ""Eesti Hambaarstide Liit"", ""date"": ""2026-08-07T16:30:00"", ""source"": ""https://arvamusfestival.ee/kava2026/""}]",eesti hambaarstide liit
2400207756,Roche,https://arvamusfestival.ee/kava2026/,"[{""id"": 13212, ""title"": ""Kuhu kaovad töötajad?"", ""organizer"": ""Roche"", ""date"": ""2026-08-08T10:00:00"", ""source"": ""https://arvamusfestival.ee/kava2026/""}]",roche
2400207759,Kogu ala ühispaneel,https://arvamusfestival.ee/kava2026/,"[{""id"": 13216, ""title"": ""Tervishoid aastal 2050: milliseid otsuseid peame tegema juba täna?"", ""organizer"": ""Kogu ala ühispaneel"", ""date"": ""2026-08-08T18:00:00"", ""source"": ""https://arvamusfestival.ee/kava2026/""}]",kogu ala ühispaneel
2400207762,SYNLAB,https://arvamusfestival.ee/kava2026/,"[{""id"": 13214, ""title"": ""Kelle vastutus on ennetus tervishoius?"", ""organizer"": ""SYNLAB"", ""date"": ""2026-08-08T14:00:00"", ""source"": ""https://arvamusfestival.ee/kava2026/""}]",synlab
2400207765,Apotheka,https://arvamusfestival.ee/kava2026/,"[{""id"": 13208, ""title"": ""Üksilduse rohi: kes vastutab üksilduse eest?"", ""organizer"": ""Apotheka"", ""date"": ""2026-08-07T12:30:00"", ""source"": ""https://arvamusfestival.ee/kava2026/""}]",apotheka
